# **************************************************************************** #
#                                                                              #
#                                                         :::      ::::::::    #
#    Makefile                                           :+:      :+:    :+:    #
#                                                     +:+ +:+         +:+      #
#    By: evocatur <evocatur@student.42.fr>          +#+  +:+       +#+         #
#                                                 +#+#+#+#+#+   +#+            #
#    Created: 2023/04/19 15:41:17 by evocatur          #+#    #+#              #
#    Updated: 2023/06/21 14:41:56 by evocatur         ###   ########.fr        #
#                                                                              #
# **************************************************************************** #

NAME = push_swap

SRC = $(MAIN_SRC) $(UTILITIES_SRC) $(LIBFT_SRC)

MAIN_SRC = src/*.c

LIBFT_SRC = ft_libft/*.c

UTILITIES_SRC = utils/*.c

OBJ = *.o

CFLAGS = -Wall -Wextra -Werror 

RM = rm -rf

all: $(NAME)

$(NAME): $(OBJ)
	@echo "     - Compiling $(NAME)..."
	@gcc $(CFLAGS) $(OBJ) -o $(NAME)
	@echo $(GREEN)"- Compiled -"
	@rm -rf $(OBJ)

$(OBJ): $(SRC)
	@echo "     - Making object files..."
	@gcc -c $(SRC)

exe_small: all
	@./$(NAME) -670 447 594 350 -323

exe_medium: all
	@./$(NAME) 341 -693 -596 871 -705 -353 769 414 -983 770 -543 47 -362 -968 375 -657 824 382 449 276

exe_big: all
	@./$(NAME) -422 268 290 81 -750 -134 117 552 406 -296 441 -397 140 -566 -870 567 773 48 -241 40 51 167 17 52 -735 -401 42 525 -944 -251 111 -578 516 887 437 851 571 -22 578 -541 146 22 -802 -935 -951 195 -756 703 -424 -318 -744 -484 -820 -611 -802 121 534 322 -429 -406 16 -589 207 -168 730 -452 967 564 -685 -252 930 -928 -625 963 19 -781 -529 -434 810 -131 -106 -673 497 -358 -842 787 -605 678 220 -732 891 -260 -205 682 -42 -218 -28 -861 -775 -592 -562 -105 -190 -138 829 367 860 336 129 -328 -339 -556 -877 -230 718 513 245 556 808 -292 664 -461 -353 950 944 551 7 -830 -107 -870 -261 717 -493 415 -932 -957 -107 -816 937 725 -998 487 -720 660 369 -990 191 832 -944 -900 -563 -21 954 -753 -231 998 340 812 428 885 -677 745 -951 899 824 -878 46 -468 -46 -241 347 -921 -754 513 -773 -285 522 795 238 -227 113 -436 -512 -901 30 -314 525 -153 765 645 695 463 588 -724 -388 667 802 -424 -438 827 -52 -277 -538 -206 162 -886 295 122 464 614 -655 845 51 -775 254 108 -754 558 617 115 277 743 715 -295 -503 -50 -347 817 -673 -124 -282 789 -526 -502 -195 -453 254 -31 139 180 846 837 750 -403 615 -675 -478 221 863 -112 454 999 624 -143 -733 -582 448 -645 100 -337 228 257 181 -453 -232 539 -825 98 327 327 -280 -849 -598 551 924 -291 761 -360 -979 -765 -366 686 -129 -559 582 218 438 616 159 69 -946 -309 -267 -174 -263 -156 -982 -812 194 283 175 46 -770 404 -205 -812 -612 -264 -481 442 521 -910 -177 889 -16 554 -246 -45 117 -584 198 732 -755 -893 685 679 -512 -59 5 -309 -142 231 857 801 -187 10 383 -420 -566 309 738 -350 939 -345 -271 -413 931 -988 -631 -24 385 496 820 326 -165 -133 -813 82 -547 947 -331 -840 -710 -206 314 -302 -292 722 146 462 666 886 -43 -986 -419 -958 -915 308 -779 -723 -482 -284 903 -574 134 346 597 -934 -747 740 900 -30 -849 -75 -513 -755 156 -105 -577 -389 86 -837 -203 -375 529 -922 451 622 240 -1 712 755 773 -225 426 -694 -335 -725 150 571 -626 -576 -422 553 -62 -550 986 -484 583 -702 509 -921 -231 -40 -726 626 506 167 -678 503 74 475 534 -208 -359 127 -500 14 -478 -302 -63 908 677 -234 -731 -745 733 455 834 -124 -881 881 45 -510 -803 -539 -428 -778 410 -474 -388 -366 900 117 530 447 730 688 -620 3 987 14 43 -57 713 55 -964 641 -880 918 182 -376 729 377 560 -65 318 -329 921 507 566 927 234 -57 -251 561 311 -187 -683 314 44 333 182 34 -629 662 290 -369 8 -865 204 924 -315 -891 608 -825 -485 945 -880 -995 -778 518 -311 932 -431 -216 -359 -176 208 747 -946 -298 -932 -802 914 -775 891 158 -325 711 920 -826 -520 -138 153 -637 889 -111 -515 -640 -838 18 783 169 -793 662 770 -388 906 633 -269 -484 343 -392 530 -845 463 -268 -265 66 514 985 450 -82 256 -352 640 480 584 54 928 -959 -526 759 -492 978 -177 -867 657 906 227 53 -670 834 915 -951 121 421 105 279 17 -288 -612 -982 410 -582 579 979 -233 316 -602 182 -866 917 904 -302 541 680 -732 -784 81 626 -152 232 -825 511 -392 144 -660 -543 -316 1 359 -649 473 328 -617 201 311 292 621 -762 -590 415 -904 438 -997 343 616 -442 -709 -60 -290 -281 -341 -327 -323 -829 6 -172 794 597 -420 -195 -827 495 926 303 32 -846 -251 52 724 -928 25 96 -864 121 973 -786 -37 272 911 520 -571 -768 -6 -995 972 633 668 295 -775 -956 87 956 925 -89 150 444 -364 -830 10 1000 -38 292 -937 910 163 -68 -992 765 803 359 789 -82 -473 498 -516 -130 -82 -148 -749 894 263 -314 -297 -272 -65 -669 -954 -794 945 46 942 -915 809 -569 -800 538 -678 -504 201 -341 561 -67 282 -178 -948 600 650 626 332 840 986 -887 -920 -929 -414 593 -380 -299 451 0 -769 -930 371 420 986 -294 -92 -694 988 899 62 799 178 -881 977 386 397 -313 -98 -709 -346 -697 -102 875 -989 -354 120 532 -440 -885 -402 462 41 -78 895 516 -845 -965 708 344 187 624 53 906 -315 -380 -76 197 256 -926 123 -379 44 989 398 -87 -757 -668 512 -294 -519 -227 959 349 790 633 741 -761 422 -754 -840 -743 856 -871 -878 -134 -873 -694 46 -559 940 935 -847 -981 914 750 -629 -767 979 214 -412 210 -512 -458 -737 788 -789 118 -415 334 560 -88 30 494 -560 -615 -102 -270 930 628 518 -776 340 -264 -815 -911 129 535 703 798 373 771 -313 723 464 776 -98 -763 544 -161 768 -78 800 594 -458 501 -1000 742 -534 381 -875 148 -198 -512 -521 605 -90 766 -474 -670 762 618 -382 180 -854 87 -346 189 -623 -889 629 821 -718 84 -469 653 -295 -737 -585 -447 -293 -893 -609 765 -933 -915 -84 837 -388 -582 892 689 -364 -549 219 377 -720 -540 900 -203 930 821 671 702 -421 809 -878 -24 -494 -24 -446 -500 -8 831 503 519 538 86 279 -644 -142 -991 237 181 -42 399 548 -580 -288 -198 -273 875 601 -76 657 -145

clean: 
	@${RM} ${OBJ}

fclean: clean
	@${RM} ${NAME}
	@${RM} ${CHECK}

re: fclean all

.PHONY: all clean fclean re